[[ 0.  0.  0.  0.  0.  0.  0. -1. -1. -2. -2. -3. -3. -3. -4. -4. -5. -5.
  -5. -5. -5.]
 [ 1.  0.  0.  0.  0.  0.  0.  0. -1. -1. -2. -2. -2. -3. -3. -4. -4. -4.
  -4. -4. -4.]
 [ 1.  1.  0.  0.  0.  0.  0.  0.  0. -1. -1. -1. -2. -2. -3. -3. -3. -3.
  -3. -3. -3.]
 [ 1.  1.  1.  1.  0.  0.  0.  0.  0.  0.  0. -1. -1. -2. -2. -2. -2. -2.
  -2. -2. -2.]
 [ 1.  1.  1.  1.  1.  0.  0.  0.  0.  0.  0.  0. -1. -1. -1. -1. -1. -1.
  -1. -1. -1.]
 [ 1.  1.  1.  1.  1.  1.  1.  0.  0.  0.  0.  0.  0.  0.  0.  0.  0.  0.
   0.  0.  0.]
 [ 2.  1.  1.  1.  1.  1.  1.  1.  0.  0.  0.  0.  0.  0.  0.  0.  0.  0.
   0.  0.  0.]
 [ 2.  2.  2.  1.  1.  1.  1.  1.  1.  0.  0.  0.  0.  0.  0.  0.  0.  0.
   0.  0.  0.]
 [ 3.  3.  2.  2.  1.  1.  1.  1.  1.  1.  0.  0.  0.  0.  0.  0.  0.  0.
   0.  0.  0.]
 [ 4.  3.  3.  2.  1.  1.  1.  1.  1.  1.  1.  1.  0.  0.  0.  0.  0.  0.
   0.  0.  0.]
 [ 4.  4.  3.  2.  2.  1.  1.  1.  1.  1.  1.  1.  1.  1.  1.  1.  1.  1.
   1.  1.  0.]
 [ 5.  4.  3.  3.  2.  2.  1.  1.  1.  1.  1.  1.  1.  1.  1.  1.  1.  1.
   1.  1.  0.]
 [ 5.  4.  4.  3.  3.  2.  2.  1.  1.  1.  1.  1.  1.  1.  1.  1.  1.  1.
   1.  1.  0.]
 [ 5.  5.  4.  4.  3.  3.  2.  1.  1.  1.  1.  1.  1.  1.  1.  1.  1.  1.
   1.  1.  0.]
 [ 6.  5.  5.  4.  4.  3.  2.  1.  1.  1.  1.  1.  1.  1.  1.  1.  1.  1.
   1.  1.  0.]
 [ 6.  6.  5.  5.  4.  3.  2.  1.  1.  1.  1.  1.  1.  1.  1.  1.  1.  1.
   1.  1.  0.]
 [ 6.  6.  6.  5.  4.  3.  1.  1.  1.  1.  1.  1.  1.  0.  1.  1.  1.  1.
   1.  1.  0.]
 [ 6.  6.  6.  5.  4.  2.  1.  1.  1.  1.  1.  1.  1.  0.  0.  1.  1.  1.
   1.  1.  0.]
 [ 6.  6.  6.  5.  3.  2.  1.  1.  1.  1.  1.  1.  1.  0.  0.  1.  1.  1.
   1.  1.  0.]
 [ 6.  6.  6.  4.  3.  2.  2.  1.  1.  1.  1.  1.  1.  1.  1.  1.  1.  1.
   1.  1.  0.]
 [ 6.  6.  5.  4.  3.  3.  2.  1.  1.  1.  1.  1.  1.  1.  1.  1.  1.  1.
   1.  1.  0.]]
[[428.97164865 438.93996501 448.77528565 458.32492257 467.45001488
  476.07337387 484.17771925 492.05886409 499.64730036 507.12102565
  514.16995981 520.90945374 527.34459522 533.19140879 538.8474121
  543.93718987 548.51609405 552.82762462 556.66648673 560.17248327
  563.45203051]
 [438.93996501 448.83480626 458.66962434 468.21789605 477.3403833
  485.95976819 494.05886409 501.64730036 509.12102565 516.16995981
  522.90945374 529.34459522 535.19140879 540.8474121  545.93718987
  550.51609405 554.82762462 558.66648673 562.17248327 565.45203051
  568.55526487]
 [448.83480626 458.66962434 468.22450827 477.7671392  486.87884248
  495.48173716 503.55901978 511.12102565 518.16995981 524.90945374
  531.34459522 537.19140879 542.8474121  547.93718987 552.51609405
  556.82762462 560.66648673 564.17248327 567.45203051 570.55526487
  573.48533428]
 [458.39176489 468.22450827 477.7671392  486.87884248 495.82994416
  504.39618559 512.42493996 519.92822251 526.90945374 533.34459522
  539.19140879 544.8474121  549.93718987 554.51609405 558.82762462
  562.66648673 566.17248327 569.45203051 572.55526487 575.48533428
  578.21510749]
 [467.38396579 477.21209178 486.74219063 495.82994416 504.39618559
  512.58994603 520.54017556 527.94869071 534.82130358 541.13500097
  546.8474121  551.93718987 556.51609405 560.82762462 564.66648673
  568.17248327 571.45203051 574.55526487 577.48533428 580.21510749
  582.69530057]
 [475.70422832 485.52475533 495.03435865 504.08314224 512.58994603
  520.54017556 527.94869071 535.19549311 541.92327269 548.07680318
  553.61464227 558.51609405 562.82762462 566.66648673 570.17248327
  573.45203051 576.55526487 579.48533428 582.21510749 584.69530057
  586.85867472]
 [483.52475533 493.1686931  502.64971103 511.64474982 520.07041137
  527.91434279 535.19549311 541.92327269 548.28196401 554.24576627
  559.5798231  564.26521239 568.35094767 571.9580883  575.23146274
  578.28310091 581.16830207 583.89402926 586.43554164 588.74552002
  590.7596078 ]
 [491.1686931  500.64971103 509.64474982 518.56485321 526.88882535
  534.60165382 541.72797592 548.28196401 554.24576627 559.69532408
  564.80550104 569.25720656 573.10275791 576.46761159 579.50162207
  582.32169181 584.98702065 587.50704839 589.85843348 591.99540155
  593.85661837]
 [498.64971103 507.64474982 516.56485321 524.88882535 533.08188716
  540.63965357 547.58664961 553.94327036 559.69532408 564.80550104
  569.31561787 573.52324838 577.12143272 580.24013855 583.03416906
  585.62472259 588.07383735 590.39218765 592.55677829 594.52275508
  596.23167465]
 [505.64474982 514.56485321 522.88882535 531.08188716 538.65977282
  546.03783206 552.78162617 558.91992942 564.44298669 569.31561787
  573.52324838 577.12143272 580.43741896 583.31107511 585.8684391
  588.23450988 590.47345342 592.59631827 594.57963436 596.37886079
  597.93816859]
 [512.56485321 520.88882535 529.08188716 536.65977282 544.03783206
  550.80581496 557.32304152 563.2235978  568.50345891 573.12945492
  577.08815603 580.43741896 583.31107511 585.8684391  588.23450988
  590.47345342 592.59631827 594.57963436 596.37886079 597.93816859
  599.06838473]
 [518.88882535 527.08188716 534.65977282 542.03783206 548.80581496
  555.32304152 561.2657594  566.91192976 571.93756169 576.31172601
  580.02123645 583.12486638 585.75901088 588.08653914 590.23560145
  592.27200912 594.20677686 596.01560181 597.65395195 599.06838473
  599.78160511]
 [525.08188716 532.65977282 540.03783206 546.80581496 553.32304152
  559.2657594  564.91192976 570.11036301 574.87556354 578.99698317
  582.46110074 585.32632246 587.73011139 589.83760502 591.77925316
  593.62212569 595.37718588 597.01948017 598.5046539  599.78160511
  600.2714135 ]
 [530.65977282 538.03783206 544.80581496 551.32304152 557.2657594
  562.91192976 568.11036301 572.97995967 577.48542964 581.35841485
  584.58482089 587.22186749 589.4068974  591.30611364 593.05140455
  594.71079163 596.29543379 597.78032303 599.12185919 600.2714135
  600.69900194]
 [536.03783206 542.80581496 549.32304152 555.2657594  560.91192976
  566.11036301 570.97995967 575.65304594 579.90744844 583.54208258
  586.54224542 588.96370073 590.94306535 592.64682172 594.20766145
  595.69437291 597.11867529 598.45625971 599.66502061 600.69900194
  601.15115607]
 [540.80581496 547.32304152 553.2657594  558.91192976 564.11036301
  568.97995967 573.65304594 578.19368273 582.21281796 585.6243373
  588.41302162 590.63335878 592.42119196 593.94298097 595.33189534
  596.65742801 597.93220212 599.13326307 600.22063055 601.15115607
  601.64622662]
 [544.99561898 551.2657594  556.91192976 562.11036301 566.97995967
  571.65304594 576.21992363 580.60452478 584.40887989 587.61593894
  590.21021387 592.24536702 593.85674991 595.22530885 596.44111489
  597.61783412 598.75471951 599.83056241 600.80785038 601.64622662
  602.16413249]
 [548.72070363 554.72957938 560.11036301 564.97995967 569.65304594
  574.21992363 578.66788467 582.85407548 586.46602535 589.48879712
  591.90705764 593.774164   595.22530885 596.48546036 597.5519897
  598.55479492 599.5665766  600.52920732 601.40764433 602.16413249
  602.67166471]
 [552.12435781 557.86709701 562.97995967 567.65304594 572.21992363
  576.66788467 580.88345087 584.89590543 588.33808099 591.19735895
  593.45907996 595.17670835 596.48546036 597.5911801  598.54200177
  599.43228362 600.33338732 601.1959986  601.98725523 602.67166471
  603.13511271]
 [555.31864517 560.80088837 565.65304594 570.21992363 574.66788467
  578.88345087 582.89590543 586.67610704 589.97164359 592.68938765
  594.8158008  596.40465941 597.5911801  598.54200177 599.391419
  600.21124172 601.01814882 601.79561447 602.51249015 603.13511271
  603.52621046]
 [558.34932994 563.58624935 568.21992363 572.66788467 576.88345087
  580.89590543 584.67610704 588.14145932 591.31532241 593.91580846
  595.93072347 597.41416312 598.50119469 599.35826041 600.11962278
  600.85728946 601.58841372 602.29729732 602.95399438 603.52621046
  603.82738923]]